1071
0.000003534922371
0.000000000000000 0.000000000000000 0.000000000000000 0.000000000000000
0.000000000000000 1.000000000000000 0.000000000000000 0.000000000000000
1.000000000000000 1.000000000000000 0.000000000000000 0.000000000000000
1.000000000000000 0.000000000000000 0.000000000000000 0.000000000000000
0.000000000000000 0.000000000000000 1.000000000000000 0.000000000000000
0.000000000000000 1.000000000000000 1.000000000000000 0.000000000000000
1.000000000000000 1.000000000000000 1.000000000000000 0.000000000000000
1.000000000000000 0.000000000000000 1.000000000000000 0.000000000000000
0.500000000000000 0.000000000000000 0.000000000000000 0.000000000000000
0.500000000000000 1.000000000000000 0.000000000000000 0.000000000000000
0.500000000000000 1.000000000000000 1.000000000000000 0.000000000000000
0.500000000000000 0.000000000000000 1.000000000000000 0.000000000000000
0.000000000000000 0.500000000000000 0.000000000000000 0.000000000000000
0.000000000000000 1.000000000000000 0.500000000000000 0.000000000000000
0.000000000000000 0.500000000000000 1.000000000000000 0.000000000000000
0.000000000000000 0.000000000000000 0.500000000000000 0.000000000000000
0.500000000000000 0.500000000000000 0.000000000000000 0.000000000000000
0.500000000000000 1.000000000000000 0.500000000000000 0.000000000000000
0.500000000000000 0.500000000000000 1.000000000000000 0.000000000000000
0.500000000000000 0.000000000000000 0.500000000000000 0.000000000000000
1.000000000000000 0.500000000000000 0.000000000000000 0.000000000000000
1.000000000000000 1.000000000000000 0.500000000000000 0.000000000000000
1.000000000000000 0.500000000000000 1.000000000000000 0.000000000000000
1.000000000000000 0.000000000000000 0.500000000000000 0.000000000000000
0.250000000000000 0.000000000000000 1.000000000000000 0.000000000000000
0.250000000000000 0.000000000000000 0.000000000000000 0.000000000000000
0.750000000000000 0.000000000000000 1.000000000000000 0.000000000000000
0.750000000000000 0.000000000000000 0.000000000000000 0.000000000000000
0.250000000000000 1.000000000000000 1.000000000000000 0.000000000000000
0.250000000000000 1.000000000000000 0.000000000000000 0.000000000000000
0.750000000000000 1.000000000000000 1.000000000000000 0.000000000000000
0.750000000000000 1.000000000000000 0.000000000000000 0.000000000000000
0.000000000000000 0.250000000000000 0.000000000000000 0.000000000000000
0.000000000000000 0.750000000000000 0.000000000000000 0.000000000000000
0.000000000000000 1.000000000000000 0.750000000000000 0.000000000000000
0.000000000000000 0.250000000000000 1.000000000000000 0.000000000000000
0.000000000000000 0.000000000000000 0.250000000000000 0.000000000000000
0.500000000000000 0.750000000000000 0.000000000000000 0.000000000000000
0.500000000000000 1.000000000000000 0.750000000000000 0.000000000000000
0.500000000000000 0.250000000000000 1.000000000000000 0.000000000000000
0.500000000000000 0.000000000000000 0.250000000000000 0.000000000000000
1.000000000000000 0.750000000000000 0.000000000000000 0.000000000000000
1.000000000000000 1.000000000000000 0.750000000000000 0.000000000000000
1.000000000000000 0.250000000000000 1.000000000000000 0.000000000000000
1.000000000000000 0.000000000000000 0.250000000000000 0.000000000000000
0.375000000000000 0.000000000000000 1.000000000000000 0.000000000000000
0.125000000000000 0.000000000000000 0.000000000000000 0.000000000000000
0.875000000000000 0.000000000000000 1.000000000000000 0.000000000000000
0.625000000000000 0.000000000000000 0.000000000000000 0.000000000000000
0.375000000000000 1.000000000000000 1.000000000000000 0.000000000000000
0.125000000000000 1.000000000000000 0.000000000000000 0.000000000000000
0.875000000000000 1.000000000000000 1.000000000000000 0.000000000000000
0.625000000000000 1.000000000000000 0.000000000000000 0.000000000000000
0.000000000000000 0.375000000000000 0.000000000000000 0.000000000000000
0.000000000000000 0.875000000000000 0.000000000000000 0.000000000000000
0.000000000000000 1.000000000000000 0.875000000000000 0.000000000000000
0.000000000000000 0.125000000000000 1.000000000000000 0.000000000000000
0.000000000000000 0.000000000000000 0.125000000000000 0.000000000000000
0.500000000000000 0.875000000000000 0.000000000000000 0.000000000000000
0.500000000000000 1.000000000000000 0.875000000000000 0.000000000000000
0.500000000000000 0.125000000000000 1.000000000000000 0.000000000000000
0.500000000000000 0.000000000000000 0.125000000000000 0.000000000000000
1.000000000000000 0.875000000000000 0.000000000000000 0.000000000000000
1.000000000000000 1.000000000000000 0.875000000000000 0.000000000000000
1.000000000000000 0.125000000000000 1.000000000000000 0.000000000000000
1.000000000000000 0.000000000000000 0.125000000000000 0.000000000000000
0.000000000000000 1.000000000000000 0.250000000000000 0.000000000000000
0.000000000000000 0.750000000000000 1.000000000000000 0.000000000000000
0.000000000000000 0.000000000000000 0.750000000000000 0.000000000000000
0.500000000000000 0.250000000000000 0.000000000000000 0.000000000000000
0.500000000000000 1.000000000000000 0.250000000000000 0.000000000000000
0.500000000000000 0.750000000000000 1.000000000000000 0.000000000000000
0.500000000000000 0.000000000000000 0.750000000000000 0.000000000000000
1.000000000000000 0.250000000000000 0.000000000000000 0.000000000000000
1.000000000000000 1.000000000000000 0.250000000000000 0.000000000000000
1.000000000000000 0.750000000000000 1.000000000000000 0.000000000000000
1.000000000000000 0.000000000000000 0.750000000000000 0.000000000000000
0.125000000000000 0.000000000000000 1.000000000000000 0.000000000000000
0.375000000000000 0.000000000000000 0.000000000000000 0.000000000000000
0.625000000000000 0.000000000000000 1.000000000000000 0.000000000000000
0.875000000000000 0.000000000000000 0.000000000000000 0.000000000000000
0.125000000000000 1.000000000000000 1.000000000000000 0.000000000000000
0.375000000000000 1.000000000000000 0.000000000000000 0.000000000000000
0.625000000000000 1.000000000000000 1.000000000000000 0.000000000000000
0.875000000000000 1.000000000000000 0.000000000000000 0.000000000000000
0.000000000000000 0.125000000000000 0.000000000000000 0.000000000000000
0.000000000000000 0.625000000000000 0.000000000000000 0.000000000000000
0.000000000000000 1.000000000000000 0.625000000000000 0.000000000000000
0.000000000000000 0.375000000000000 1.000000000000000 0.000000000000000
0.000000000000000 0.000000000000000 0.375000000000000 0.000000000000000
0.500000000000000 0.625000000000000 0.000000000000000 0.000000000000000
0.500000000000000 1.000000000000000 0.625000000000000 0.000000000000000
0.500000000000000 0.375000000000000 1.000000000000000 0.000000000000000
0.500000000000000 0.000000000000000 0.375000000000000 0.000000000000000
1.000000000000000 0.625000000000000 0.000000000000000 0.000000000000000
1.000000000000000 1.000000000000000 0.625000000000000 0.000000000000000
1.000000000000000 0.375000000000000 1.000000000000000 0.000000000000000
1.000000000000000 0.000000000000000 0.375000000000000 0.000000000000000
1.000000000000000 0.375000000000000 0.000000000000000 0.000000000000000
1.000000000000000 0.125000000000000 0.000000000000000 0.000000000000000
0.500000000000000 0.000000000000000 0.625000000000000 0.000000000000000
0.500000000000000 0.000000000000000 0.875000000000000 0.000000000000000
0.500000000000000 0.625000000000000 1.000000000000000 0.000000000000000
0.500000000000000 0.875000000000000 1.000000000000000 0.000000000000000
0.500000000000000 1.000000000000000 0.375000000000000 0.000000000000000
0.500000000000000 1.000000000000000 0.125000000000000 0.000000000000000
0.500000000000000 0.375000000000000 0.000000000000000 0.000000000000000
0.500000000000000 0.125000000000000 0.000000000000000 0.000000000000000
0.000000000000000 0.000000000000000 0.625000000000000 0.000000000000000
0.000000000000000 0.000000000000000 0.875000000000000 0.000000000000000
0.000000000000000 0.625000000000000 1.000000000000000 0.000000000000000
0.000000000000000 0.875000000000000 1.000000000000000 0.000000000000000
0.000000000000000 1.000000000000000 0.375000000000000 0.000000000000000
0.000000000000000 1.000000000000000 0.125000000000000 0.000000000000000
1.000000000000000 1.000000000000000 0.125000000000000 0.000000000000000
1.000000000000000 1.000000000000000 0.375000000000000 0.000000000000000
1.000000000000000 0.875000000000000 1.000000000000000 0.000000000000000
1.000000000000000 0.625000000000000 1.000000000000000 0.000000000000000
1.000000000000000 0.000000000000000 0.875000000000000 0.000000000000000
1.000000000000000 0.000000000000000 0.625000000000000 0.000000000000000
0.000000000000000 0.500000000000000 0.500000000000000 0.000000000000000
0.500000000000000 0.500000000000000 0.500000000000000 0.000000000000000
0.750000000000000 0.750000000000000 0.000000000000000 0.000000000000000
0.250000000000000 1.000000000000000 0.250000000000000 0.000000000000000
1.000000000000000 0.500000000000000 0.500000000000000 0.000000000000000
0.750000000000000 1.000000000000000 0.750000000000000 0.000000000000000
0.500000000000000 0.291666666666667 0.708333333333333 0.000000000000000
0.250000000000000 0.750000000000000 0.000000000000000 0.000000000000000
0.250000000000000 1.000000000000000 0.750000000000000 0.000000000000000
0.250000000000000 0.250000000000000 1.000000000000000 0.000000000000000
0.750000000000000 0.500000000000000 0.000000000000000 0.000000000000000
0.250000000000000 0.000000000000000 0.250000000000000 0.000000000000000
0.750000000000000 0.250000000000000 1.000000000000000 0.000000000000000
0.750000000000000 0.000000000000000 0.250000000000000 0.000000000000000
0.500000000000000 0.291666666666667 0.291666666666667 0.000000000000000
0.750000000000000 0.250000000000000 0.000000000000000 0.000000000000000
0.250000000000000 1.000000000000000 0.500000000000000 0.000000000000000
0.500000000000000 0.541666666666667 0.750000000000000 0.000000000000000
0.750000000000000 1.000000000000000 0.250000000000000 0.000000000000000
0.250000000000000 0.250000000000000 0.000000000000000 0.000000000000000
0.250000000000000 0.750000000000000 1.000000000000000 0.000000000000000
0.250000000000000 0.000000000000000 0.750000000000000 0.000000000000000
0.750000000000000 0.750000000000000 1.000000000000000 0.000000000000000
0.750000000000000 0.000000000000000 0.750000000000000 0.000000000000000
0.000000000000000 0.708333333333333 0.291666666666667 0.000000000000000
0.000000000000000 0.708333333333333 0.708333333333333 0.000000000000000
0.000000000000000 0.291666666666667 0.291666666666667 0.000000000000000
0.000000000000000 0.291666666666667 0.708333333333333 0.000000000000000
0.500000000000000 0.708333333333333 0.291666666666667 0.000000000000000
1.000000000000000 0.708333333333333 0.291666666666667 0.000000000000000
1.000000000000000 0.708333333333333 0.708333333333333 0.000000000000000
1.000000000000000 0.291666666666667 0.291666666666667 0.000000000000000
1.000000000000000 0.291666666666667 0.708333333333333 0.000000000000000
0.250000000000000 0.500000000000000 0.000000000000000 0.000000000000000
0.250000000000000 0.500000000000000 1.000000000000000 0.000000000000000
0.250000000000000 0.000000000000000 0.500000000000000 0.000000000000000
0.750000000000000 0.500000000000000 1.000000000000000 0.000000000000000
0.750000000000000 0.000000000000000 0.500000000000000 0.000000000000000
0.500000000000000 0.220238095238095 0.500000000000000 0.000000000000000
0.500000000000000 0.770833333333333 0.770833333333333 0.000000000000000
0.750000000000000 1.000000000000000 0.500000000000000 0.000000000000000
1.000000000000000 0.220238095238095 0.500000000000000 0.000000000000000
1.000000000000000 0.500000000000000 0.779761904761905 0.000000000000000
1.000000000000000 0.500000000000000 0.220238095238095 0.000000000000000
1.000000000000000 0.779761904761905 0.500000000000000 0.000000000000000
0.500000000000000 0.500000000000000 0.220238095238095 0.000000000000000
0.000000000000000 0.220238095238095 0.500000000000000 0.000000000000000
0.000000000000000 0.500000000000000 0.779761904761905 0.000000000000000
0.000000000000000 0.500000000000000 0.220238095238095 0.000000000000000
0.000000000000000 0.779761904761905 0.500000000000000 0.000000000000000
0.500000000000000 0.739583333333333 0.531250000000000 0.000000000000000
0.500000000000000 0.831439393939394 0.168560606060606 0.000000000000000
1.000000000000000 0.831439393939394 0.168560606060606 0.000000000000000
1.000000000000000 0.168560606060606 0.831439393939394 0.000000000000000
0.000000000000000 0.168560606060606 0.831439393939394 0.000000000000000
0.800057870370370 0.804811507936508 0.625000000000000 0.000009855888289
0.500000000000000 0.398958333333333 0.835416666666667 0.000000000000000
0.750000000000000 0.360119047619048 0.431547619047619 0.000036429811305
0.300057870370370 0.195188492063492 0.375000000000000 0.000196842805916
0.000000000000000 0.812500000000000 0.157738095238095 0.000000000000000
0.145833333333333 0.854166666666667 0.000000000000000 0.000000000000000
0.283646590856583 0.381387092567528 0.213817512052116 0.000194878946729
0.843750000000000 0.625000000000000 1.000000000000000 0.000000000000000
0.500000000000000 0.168560606060606 0.168560606060606 0.000000000000000
0.854166666666667 0.000000000000000 0.854166666666667 0.000000000000000
0.656250000000000 0.625000000000000 1.000000000000000 0.000000000000000
0.000000000000000 0.168560606060606 0.168560606060606 0.000000000000000
0.000000000000000 0.846328916181857 0.360765460030166 0.000000000000000
0.500000000000000 0.168560606060606 0.831439393939394 0.000000000000000
0.354166666666667 0.000000000000000 0.854166666666667 0.000000000000000
0.312500000000000 0.875000000000000 0.000000000000000 0.000000000000000
0.699942129629630 0.625000000000000 0.195188492063492 0.000031167075459
1.000000000000000 0.831439393939394 0.831439393939394 0.000000000000000
0.156250000000000 0.625000000000000 0.000000000000000 0.000000000000000
0.145833333333333 1.000000000000000 0.145833333333333 0.000000000000000
0.645833333333333 1.000000000000000 0.145833333333333 0.000000000000000
0.500000000000000 0.141624579124579 0.681397306397306 0.000000000000000
0.255376258882012 0.439893460860293 0.741886280136506 0.000046039392551
0.000000000000000 0.153671083818143 0.360765460030166 0.000000000000000
0.300057870370370 0.625000000000000 0.195188492063492 0.000150846872819
0.787538640114289 0.209399510192017 0.620127650927363 0.000240026083378
1.000000000000000 0.168560606060606 0.168560606060606 0.000000000000000
0.783459595959596 0.230113636363636 0.230113636363636 0.000241101173590
0.645833333333333 0.854166666666667 1.000000000000000 0.000000000000000
0.500000000000000 0.647786458333333 0.853515625000000 0.000000000000000
0.243853949908019 0.754965657890769 0.607909994270032 0.000052021883800
0.145833333333333 0.000000000000000 0.854166666666667 0.000000000000000
0.145833333333333 0.145833333333333 0.000000000000000 0.000000000000000
0.645833333333333 0.000000000000000 0.854166666666667 0.000000000000000
0.000000000000000 0.831439393939394 0.831439393939394 0.000000000000000
0.354166666666667 0.145833333333333 1.000000000000000 0.000000000000000
0.000000000000000 0.141624579124579 0.681397306397306 0.000000000000000
0.854166666666667 1.000000000000000 0.145833333333333 0.000000000000000
0.312500000000000 0.125000000000000 0.000000000000000 0.000000000000000
1.000000000000000 0.153671083818143 0.360765460030166 0.000000000000000
0.375000000000000 0.687500000000000 1.000000000000000 0.000000000000000
0.705878379349152 0.695257706239870 0.791262165519701 0.000090731507230
0.812500000000000 0.875000000000000 1.000000000000000 0.000000000000000
0.500000000000000 0.153671083818143 0.360765460030166 0.000000000000000
1.000000000000000 0.639234539969834 0.846328916181857 0.000000000000000
0.645833333333333 1.000000000000000 0.854166666666667 0.000000000000000
0.800057870370370 0.804811507936508 0.375000000000000 0.000054716868772
0.354166666666667 0.854166666666667 1.000000000000000 0.000000000000000
0.216094920972443 0.753421523535256 0.373965368303650 0.000096103652255
0.145833333333333 0.000000000000000 0.145833333333333 0.000000000000000
0.156250000000000 0.000000000000000 0.375000000000000 0.000000000000000
0.343750000000000 0.375000000000000 1.000000000000000 0.000000000000000
0.750000000000000 0.145833333333333 0.854166666666667 0.000072042023468
0.875000000000000 0.000000000000000 0.437500000000000 0.000000000000000
0.705935088164065 0.420067401960784 0.708762254901961 0.000218895594359
0.500000000000000 0.562500000000000 0.110119047619048 0.000000000000000
0.203406962887300 0.192426370446033 0.192426370446033 0.000011250712169
0.336524432165322 0.784862783917339 0.144174934664335 0.000004612790047
0.854166666666667 0.854166666666667 0.000000000000000 0.000000000000000
0.145833333333333 0.854166666666667 1.000000000000000 0.000000000000000
0.635969834447628 0.512133625835721 0.862580214302770 0.000175449735117
0.854166666666667 1.000000000000000 0.854166666666667 0.000000000000000
0.305000711221989 0.703751422443978 0.803902420343137 0.000094773438993
1.000000000000000 0.360765460030166 0.846328916181857 0.000000000000000
0.500000000000000 0.812500000000000 0.890151515151515 0.000000000000000
0.861742424242424 0.267139778909362 0.806912506182089 0.000043032708251
0.765625000000000 0.126879217414197 0.375000000000000 0.000055054703324
0.000000000000000 0.360765460030166 0.846328916181857 0.000000000000000
0.000000000000000 0.661069651741294 0.147432480454869 0.000000000000000
0.867187500000000 0.000000000000000 0.578125000000000 0.000000000000000
0.000000000000000 0.360765460030166 0.153671083818143 0.000000000000000
0.156250000000000 0.375000000000000 1.000000000000000 0.000000000000000
0.500000000000000 0.360765460030166 0.153671083818143 0.000000000000000
0.854166666666667 0.145833333333333 0.000000000000000 0.000000000000000
0.296593037112700 0.192426370446033 0.807573629553967 0.000099537225811
0.691345488723014 0.819635103718252 0.204487844610319 0.000173830267390
0.625000000000000 0.312500000000000 1.000000000000000 0.000000000000000
0.156250000000000 1.000000000000000 0.375000000000000 0.000000000000000
0.500000000000000 0.875416666666667 0.562500000000000 0.000000000000000
0.875000000000000 0.000000000000000 0.729166666666667 0.000000000000000
0.375000000000000 0.000000000000000 0.312500000000000 0.000000000000000
0.000000000000000 0.639234539969834 0.846328916181857 0.000000000000000
0.155738655935297 0.733311605596622 0.203620666786790 0.000373574623589
0.740251474998434 0.855837020829419 0.844418141665101 0.000272799276586
1.000000000000000 0.858375420875421 0.681397306397306 0.000000000000000
0.354166666666667 0.000000000000000 0.145833333333333 0.000000000000000
0.500000000000000 0.836021505376344 0.396841397849462 0.000000000000000
0.855150671121128 0.603514296537474 0.742144872837473 0.000297497521013
0.136987213478832 0.732860221090638 0.806912506182089 0.000014150439337
0.343750000000000 0.625000000000000 0.000000000000000 0.000000000000000
0.625000000000000 0.812500000000000 0.000000000000000 0.000000000000000
0.656250000000000 0.000000000000000 0.375000000000000 0.000000000000000
0.836041145766852 0.445974277117932 0.845657388116298 0.000209693667248
0.149948738005606 0.133461564051233 0.754115404672272 0.000122945229312
1.000000000000000 0.360765460030166 0.153671083818143 0.000000000000000
1.000000000000000 0.639234539969834 0.153671083818143 0.000000000000000
0.875000000000000 0.765625000000000 1.000000000000000 0.000000000000000
0.150636485894603 0.273133614420952 0.858552105049816 0.000080362569937
0.854166666666667 0.000000000000000 0.145833333333333 0.000000000000000
0.675860585091450 0.401700765005009 0.246947071065477 0.000167178750355
0.000000000000000 0.846328916181857 0.639234539969834 0.000000000000000
0.890625000000000 0.000000000000000 0.312500000000000 0.000000000000000
0.148914869117811 0.155974743881893 0.445193966791299 0.000470161827344
0.500000000000000 0.522939341468778 0.875351001355907 0.000000000000000
0.819196428571429 0.704241071428571 0.881163998070467 0.000233707907409
0.657520394583018 0.821065171030910 0.487911723252312 0.000175393539720
0.849172009401523 0.546899606142932 0.139437307217319 0.000376566148557
0.875000000000000 0.270833333333333 0.000000000000000 0.000000000000000
0.712151105813005 0.330552211626010 0.855608768983916 0.000098798414043
0.810824616987501 0.124739736720234 0.729531035258339 0.000034251834236
0.159802980432009 0.557449109317983 0.838496879849877 0.000018395834487
0.145833333333333 1.000000000000000 0.854166666666667 0.000000000000000
0.875000000000000 1.000000000000000 0.562500000000000 0.000000000000000
0.375000000000000 0.000000000000000 0.447916666666667 0.000000000000000
0.645833333333333 0.145833333333333 0.000000000000000 0.000000000000000
0.244655646974502 0.848822313641169 0.863978588339148 0.000123669465817
0.625000000000000 0.270833333333333 0.000000000000000 0.000000000000000
0.500000000000000 0.784411608002200 0.647232543883771 0.000000000000000
0.656250000000000 1.000000000000000 0.625000000000000 0.000000000000000
0.500000000000000 0.699340485392166 0.128429809747537 0.000000000000000
0.875000000000000 0.729166666666667 0.000000000000000 0.000000000000000
0.364975333535176 0.493627507761368 0.143825265022862 0.000150424352716
0.381334636866717 0.477349647875080 0.804465519417309 0.000035597531285
0.629871474344830 0.502928062817975 0.149103958433368 0.000104913641336
0.156250000000000 1.000000000000000 0.625000000000000 0.000000000000000
0.645833333333333 0.000000000000000 0.145833333333333 0.000000000000000
0.694869081691308 0.304631156814512 0.131086199883382 0.000117440950895
0.244471619477865 0.266715036229484 0.608227347631048 0.000217561267386
0.868021999699066 0.138515631690989 0.507641847205504 0.000232791836971
0.158909578177812 0.529338433633359 0.148611001226293 0.000320002857124
0.343750000000000 1.000000000000000 0.625000000000000 0.000000000000000
0.819940476190476 0.784226190476190 0.130918877622982 0.000175324175361
0.354166666666667 1.000000000000000 0.145833333333333 0.000000000000000
0.500000000000000 0.888706558592922 0.796605477855478 0.000000000000000
0.363267578531821 0.848573482198525 0.624906916258271 0.000011033819479
0.632812500000000 0.171875000000000 1.000000000000000 0.000000000000000
0.177409106125637 0.380425937642887 0.423165266837365 0.000707396696975
0.832460143806018 0.385520424772863 0.186042599296229 0.000131917965284
0.656250000000000 0.625000000000000 0.000000000000000 0.000000000000000
0.375000000000000 1.000000000000000 0.812500000000000 0.000000000000000
0.377049045927250 0.823905778331786 0.821629583023488 0.000060016244462
0.656250000000000 0.000000000000000 0.625000000000000 0.000000000000000
0.343750000000000 0.000000000000000 0.625000000000000 0.000000000000000
0.156250000000000 0.375000000000000 0.000000000000000 0.000000000000000
0.145833333333333 0.145833333333333 1.000000000000000 0.000000000000000
0.375000000000000 1.000000000000000 0.312500000000000 0.000000000000000
0.350721548401748 0.222235774200874 0.126548177988773 0.000121817088794
0.838807580798903 0.569987517404505 0.361654184071172 0.000087285672424
0.375000000000000 0.552083333333333 1.000000000000000 0.000000000000000
0.872671467624194 0.206985310951523 0.124642702631978 0.000330307420767
0.750000000000000 0.113543958061348 0.134373236210587 0.000337786604845
0.375000000000000 1.000000000000000 0.447916666666667 0.000000000000000
0.850595114486836 0.824223993992478 0.892817270897201 0.000014151241802
0.618612421383648 0.738109276729560 1.000000000000000 0.000000000000000
0.276041666666667 1.000000000000000 0.380208333333333 0.000000000000000
0.500000000000000 0.431547619047619 0.639880952380952 0.000000000000000
0.867187500000000 1.000000000000000 0.421875000000000 0.000000000000000
0.625000000000000 1.000000000000000 0.312500000000000 0.000000000000000
0.000000000000000 0.568452380952381 0.639880952380952 0.000000000000000
0.200838171570727 0.548123396392454 0.563139715848475 0.000127253700045
0.875000000000000 1.000000000000000 0.729166666666667 0.000000000000000
0.824904324979888 0.779029541602887 0.761560628527381 0.000004784742666
0.694234760215314 0.608206447402127 0.581407769590162 0.000118681179796
1.000000000000000 0.858375420875421 0.318602693602694 0.000000000000000
1.000000000000000 0.739367166697468 0.890908923916822 0.000000000000000
0.651779936893854 0.210805438005833 0.727396974759226 0.000229569285034
0.854166666666667 0.145833333333333 1.000000000000000 0.000000000000000
0.118612421383648 1.000000000000000 0.738109276729560 0.000000000000000
0.500000000000000 0.896722234918832 0.679911983499384 0.000000000000000
0.500000000000000 0.110119047619048 0.560010198242507 0.000000000000000
0.218475877192982 0.884762611304484 0.324013157894737 0.000210386377342
0.843750000000000 0.375000000000000 1.000000000000000 0.000000000000000
0.128411350213131 0.863988768356507 0.454738375437629 0.000191654002674
0.638190252768002 0.187493141065433 0.570952458543565 0.000138795451567
0.000000000000000 0.568452380952381 0.360119047619048 0.000000000000000
0.640489912968959 0.143362136666434 0.261021935192339 0.000052124239402
0.500000000000000 0.662075206863954 0.696339391163175 0.000000000000000
1.000000000000000 0.153671083818143 0.639234539969834 0.000000000000000
0.382156943629539 0.699764580035431 0.613294832256096 0.000035958441700
0.625000000000000 0.000000000000000 0.496093750000000 0.000000000000000
0.273437500000000 0.619791666666667 1.000000000000000 0.000000000000000
1.000000000000000 0.719705690129396 0.800325612616935 0.000000000000000
0.900709638886986 0.673898244147766 0.813580684800398 0.000074632778158
0.632861221825361 0.840493878159566 0.734671703166181 0.000006301547619
0.628750269655162 0.134288314288418 0.432482428459397 0.000074905380531
0.362110987652352 0.801029690533912 0.308400291654208 0.000000032193952
0.150222480476244 0.854830678473484 0.685810986173149 0.000021383355768
0.351576709560595 0.508311547559391 0.324045859930896 0.000212459411096
0.137483275993884 0.662533448012232 1.000000000000000 0.000000000000000
0.301649305555556 0.552083333333333 0.885472157247830 0.000021342510104
0.156250000000000 0.000000000000000 0.625000000000000 0.000000000000000
0.318757445777420 0.871633834166006 0.423947451043259 0.000053365894893
0.358085111922978 0.712406607819190 0.449539908999946 0.000180825118085
0.793402777777778 0.375000000000000 0.000000000000000 0.000000000000000
0.000000000000000 0.106930029617622 0.562500000000000 0.000000000000000
0.862630208333333 0.587239583333333 0.000000000000000 0.000000000000000
0.129478950940244 0.169005791390242 0.608896761997087 0.000754236745029
0.343750000000000 0.375000000000000 0.000000000000000 0.000000000000000
0.637369791666667 0.412760416666667 0.000000000000000 0.000000000000000
0.368876567786474 0.600881234402244 0.720948911670451 0.000054075978018
0.213757537056001 0.667554355394550 0.892281095706137 0.000107198680015
1.000000000000000 0.794643859438048 0.747394880126165 0.000000000000000
0.916786263507399 0.761940135770169 0.780606939863492 0.000035269726708
0.897147996623687 0.812311647112650 0.681725380393517 0.000013895227956
1.000000000000000 0.875762101110284 0.761957481716693 0.000000000000000
0.378361630835722 0.140945711971745 0.485537667207625 0.000195657044419
0.806844460731969 0.893879235456659 0.713555165955327 0.000054354133420
0.900053761394751 0.867074959644724 0.805293675625097 0.000093627970459
0.000000000000000 0.418324829931973 0.626658163265306 0.000000000000000
0.000000000000000 0.682881559703527 0.583195446320121 0.000000000000000
0.625000000000000 1.000000000000000 0.447916666666667 0.000000000000000
0.500000000000000 0.360119047619048 0.518237082066869 0.000000000000000
1.000000000000000 0.889880952380952 0.560010198242507 0.000000000000000
1.000000000000000 1.000000000000000 0.687500000000000 0.000000000000000
1.000000000000000 0.639880952380952 0.568452380952381 0.000000000000000
0.911458333333333 1.000000000000000 0.645833333333333 0.000000000000000
1.000000000000000 0.928151565382452 0.708494364308613 0.000000000000000
0.901955670270195 0.209681042021068 0.699721634375037 0.000265021742771
0.627109410081578 0.734813561798022 0.599748092128616 0.000104709606797
0.857232371272680 0.365743699554350 0.675826083755372 0.000271018323773
0.894672483552134 0.895369500213576 0.603535215529275 0.000088149801903
0.834766397103802 0.574908664446895 0.868249147062483 0.000612016277067
0.500000000000000 0.283927398989899 0.823700126262626 0.000000000000000
0.926751161093857 0.884329130349638 0.717952221891568 0.000069534776200
0.174334426349328 0.587123250483589 0.318580270706091 0.000349615637576
0.627526796881199 0.165631431076532 0.130390038872598 0.000377062923243
0.896701388888889 0.371875000000000 0.000000000000000 0.000000000000000
0.630353667607786 0.597250631297261 0.712802235190576 0.000129779735392
0.381387578616352 0.261890723270440 1.000000000000000 0.000000000000000
0.874134698154393 0.703432897381381 0.695052545432200 0.000160849379775
0.618047730510657 0.229349845054988 0.873867563325281 0.000084629681417
0.756701903377318 0.656384761424502 0.681262027638258 0.000091572660779
0.500000000000000 0.631810897435897 0.423477564102564 0.000000000000000
0.359010491705945 0.317261323423531 0.862438358466139 0.000103404305539
0.278693344316519 0.853983092988281 0.731900767616902 0.000057012317520
1.000000000000000 0.919468011216241 0.838715350537420 0.000000000000000
0.406975748034025 0.818776023995155 0.497861882367725 0.000035769056717
0.127171359402252 0.287663418331995 0.523989387936121 0.000391809086217
0.404858531136729 0.709168576585421 0.744223178524109 0.000060417693691
0.855208468136243 0.547796930609865 0.579476044488743 0.000019690834969
0.830915178571429 0.902799197385283 0.494419642857143 0.000014318896459
1.000000000000000 0.922326960698102 0.630821553734100 0.000000000000000
1.000000000000000 1.000000000000000 0.562500000000000 0.000000000000000
0.339054310341842 0.426460817449245 0.481515963429767 0.000321565829146
0.000000000000000 0.622524372713329 0.473269272563868 0.000000000000000
0.134926236771655 0.654893743077174 0.654045143069016 0.000055564667563
0.500000000000000 0.413045794264160 0.378620872402506 0.000000000000000
0.643312313529029 0.436095741113347 0.555417166117271 0.000129527075213
0.776654411764706 1.000000000000000 0.632352941176471 0.000000000000000
0.763067699949121 0.311723129628263 0.741137268936580 0.000223130285798
0.940972222222222 1.000000000000000 0.718750000000000 0.000000000000000
0.678081243711822 0.307803541511072 0.630108874862155 0.000248137947099
0.120650415717559 0.552326077242679 0.445674615036535 0.000409003041787
1.000000000000000 0.744047619047619 0.604166666666667 0.000000000000000
0.611639390928259 0.330364550666250 0.768872329806602 0.000173624953365
0.916701858108108 1.000000000000000 0.489653716216216 0.000000000000000
0.500000000000000 0.312500000000000 0.920613133705375 0.000000000000000
0.663279459858148 0.686292023306465 0.366988536093045 0.000073287577252
1.000000000000000 0.885023203627725 0.437884562614356 0.000000000000000
0.891855565012999 0.481485741208279 0.000000000000000 0.000000000000000
0.903992296598220 0.317457774451509 0.103121043287467 0.000085763703571
0.592161271631072 0.698099331270311 0.760383826582598 0.000068507402613
1.000000000000000 0.927779383044077 0.927779383044077 0.000000000000000
0.000000000000000 0.360119047619048 0.431547619047619 0.000000000000000
0.500000000000000 0.298442740320475 0.410401456545251 0.000000000000000
0.393854555878396 0.379747528333689 0.296908335021912 0.000184628642802
0.813454574838730 0.682115047526714 0.552254985854244 0.000028466038700
0.500000000000000 0.230572882353885 0.892098989953694 0.000000000000000
0.609375000000000 0.437500000000000 1.000000000000000 0.000000000000000
0.389932280159911 0.175782607837723 0.886083703299309 0.000092130672722
0.945925245098039 1.000000000000000 0.593750000000000 0.000000000000000
0.500000000000000 0.438753052522152 0.924293352776485 0.000000000000000
0.134188264425442 0.698330446608402 0.503179669329271 0.000159481190529
0.910003697399313 0.917029402671428 0.442571710749967 0.000019975182166
0.920138888888889 1.000000000000000 0.800925925925926 0.000000000000000
0.642512563329458 0.514361384332749 0.397875802298014 0.000144587532839
0.949037989297070 1.000000000000000 0.536726002265008 0.000000000000000
1.000000000000000 0.768581979224246 0.387421552701347 0.000000000000000
1.000000000000000 0.467117238541685 0.110119047619048 0.000000000000000
1.000000000000000 0.621479621383919 0.413146288050585 0.000000000000000
0.899778359172160 0.703846448983275 0.450694651098590 0.000063469489489
0.597754619125847 0.376312987842143 0.898903593512406 0.000063701291196
1.000000000000000 0.945618894231143 0.531250000000000 0.000000000000000
0.916876775596822 0.946080752338188 0.563567387935624 0.000019198795432
0.842950407721982 0.931882356177291 0.562805358786022 0.000044032289074
0.726342701598806 0.894550252871720 0.557767675879604 0.000156163768083
1.000000000000000 0.939416638419971 0.771933455605736 0.000000000000000
0.919888548709871 0.863671276093739 0.519002319357960 0.000070879835241
0.629976082200073 0.783520987973141 0.853948090351658 0.000109073870613
0.834035803296226 0.288002184268531 0.167198058650889 0.000237904812493
1.000000000000000 0.267139778909362 0.193087493817911 0.000000000000000
0.900659862861702 0.237582568416351 0.252782224311458 0.000197420977197
0.906250000000000 0.906250000000000 1.000000000000000 0.000000000000000
1.000000000000000 0.825295368382907 0.922936096492126 0.000000000000000
0.833904551138809 0.785954802453427 0.502064398748123 0.000083423948898
0.372524858168743 0.285528432394739 0.478058514900018 0.000153806258539
0.615255729581840 0.359927067159088 0.446791269760388 0.000150694976829
0.601884655936254 0.236761831539605 0.354360776499344 0.000042126658891
0.407890981735160 0.454980022831050 1.000000000000000 0.000000000000000
0.500000000000000 0.097115124458874 0.902884875541126 0.000000000000000
0.365327380952381 0.000000000000000 0.738839285714286 0.000000000000000
0.605298056083569 0.112890504219848 0.847214773700368 0.000186192910713
0.234232979516532 0.630764578521919 0.435478342036223 0.000263274583556
0.841479724374780 1.000000000000000 0.664859618997300 0.000000000000000
0.814391108225434 0.888134523038694 0.629425515242090 0.000000479851363
0.875000000000000 1.000000000000000 0.290660511363636 0.000000000000000
0.751302083333333 1.000000000000000 0.375000000000000 0.000000000000000
0.617448182553723 0.244875572061356 0.470539932073331 0.000093619939610
1.000000000000000 1.000000000000000 0.437500000000000 0.000000000000000
0.836350828896803 0.912091430911256 0.354199164980139 0.000002006668785
0.816927915822143 0.257043875718174 0.363740841205642 0.000225746394470
0.844470251268215 0.117132070626188 0.267441181747059 0.000150207237679
0.764113472995916 0.220819188609790 0.115682974246272 0.000353888066988
0.843667721875576 0.848490268732693 0.556708044193845 0.000048614859914
0.902141282533271 0.809494092491034 0.418401253944517 0.000023831368003
0.812385310720943 0.838098850316101 0.249478360392447 0.000101293096727
0.339015373682957 0.444506336436913 0.907305891421001 0.000054227884781
1.000000000000000 0.942609148509812 0.466856859917537 0.000000000000000
0.919732407914723 1.000000000000000 0.359163697425049 0.000000000000000
0.870786934702934 0.920371878763036 0.674882508365183 0.000098293343589
0.711545658243777 0.870483764465953 0.664004715549250 0.000018838771978
0.302568581780538 0.115160634028030 0.691770186335404 0.000180412227566
0.427801597123998 0.000000000000000 0.803088902640264 0.000000000000000
0.500000000000000 0.095701526260018 0.767080420982613 0.000000000000000
0.405166089583985 0.172779244627196 0.753243186829740 0.000177921027276
0.340174126972810 0.300848767737467 0.716254409288217 0.000127360433781
1.000000000000000 0.431547619047619 0.360119047619048 0.000000000000000
0.814376807880214 0.262171287203479 0.498705946220417 0.000225402940850
0.500000000000000 0.231418020775754 0.612578447298653 0.000000000000000
1.000000000000000 0.904298473739982 0.232919579017387 0.000000000000000
1.000000000000000 1.000000000000000 0.312500000000000 0.000000000000000
0.952138568445001 1.000000000000000 0.406250000000000 0.000000000000000
0.710704260600272 0.886175585116340 0.320021791456267 0.000024248134107
0.884534315079438 0.359784111013471 0.307959306860276 0.000025169166669
0.393240309580416 0.159656397297386 0.611935100611761 0.000163984222900
0.918850363655522 0.795406291569840 0.588366772956848 0.000248716221290
0.883324276134215 0.725035645987204 0.329765077479279 0.000065182179570
0.369344642941194 0.085772039690720 0.797431778041928 0.000176690479207
1.000000000000000 0.928563830910853 0.301073039160826 0.000000000000000
1.000000000000000 0.908500729576570 0.370022125695970 0.000000000000000
0.645367996936479 0.837215826181823 0.590375925855716 0.000111656377235
0.921048967658661 0.898429736769547 0.329698057988456 0.000064634948983
0.500000000000000 0.000000000000000 0.687500000000000 0.000000000000000
0.603125000000000 0.000000000000000 0.718750000000000 0.000000000000000
0.918056026529570 1.000000000000000 0.210554896191936 0.000000000000000
0.250000000000000 0.000000000000000 0.889880952380952 0.000000000000000
1.000000000000000 0.360119047619048 0.481762917933131 0.000000000000000
0.857713913231088 0.404566449075902 0.528980578478111 0.000144903021561
0.892185241949584 0.887549620032361 0.172198318790785 0.000202983268826
0.416288854650771 0.000000000000000 0.670215363373072 0.000000000000000
0.500000000000000 0.333116060020905 0.615886234452656 0.000000000000000
0.388150759289453 0.282594656046829 0.604159785560804 0.000079506883182
0.683386075949367 0.093344896380393 0.702304193037975 0.000016288871036
0.938406481173277 1.000000000000000 0.273116992563858 0.000000000000000
0.593088444097787 0.373058203361073 0.665926068810817 0.000112635864320
0.592995555322368 0.311379381476920 0.557317222107347 0.000114602448503
0.911661250862618 0.330534056967517 0.215402003882991 0.000120269376728
0.911042490786140 0.691042986685703 0.588996645976223 0.000001952891320
1.000000000000000 0.603514296537474 0.257855127162528 0.000000000000000
0.917967888577657 0.922468792136485 0.245174453820642 0.000048510217724
0.353721066759537 0.421916922253531 0.634536464071211 0.000158479451013
0.940919833728445 0.939372223526624 0.379276477391085 0.000121880941864
1.000000000000000 0.792722733678441 0.252950006405714 0.000000000000000
0.407890981735160 0.000000000000000 0.545019977168950 0.000000000000000
0.500000000000000 0.439806547619048 0.741741071428571 0.000000000000000
0.578125000000000 0.000000000000000 0.642656250000000 0.000000000000000
0.500000000000000 0.071436169089147 0.698926960839174 0.000000000000000
0.886200956464368 0.336003673288579 0.429654565098869 0.000186016438872
0.250000000000000 0.110119047619048 1.000000000000000 0.000000000000000
0.195599037772426 0.121216439534654 0.878783560465346 0.000069255345381
0.391575528719715 0.084813382056007 0.705097218976791 0.000107522895747
0.750000000000000 1.000000000000000 0.145833333333333 0.000000000000000
1.000000000000000 0.841772519865453 0.384929327021414 0.000000000000000
0.500000000000000 0.091416506113578 0.629646487548204 0.000000000000000
0.602703572095495 0.000000000000000 0.569739948431395 0.000000000000000
1.000000000000000 0.583195446320121 0.682881559703527 0.000000000000000
0.731681034482759 0.876795977011494 0.000000000000000 0.000000000000000
0.881642123914325 0.652445892187905 0.216416182267793 0.000138162668047
0.604872680193122 0.490229981842469 0.752118914419071 0.000102369658437
0.906787444608487 0.782240289544434 0.197064782134196 0.000191547393302
0.827716822312758 1.000000000000000 0.223550155646091 0.000000000000000
0.500000000000000 0.357493098485867 0.761591379966850 0.000000000000000
0.412151738281179 0.494653391325242 0.697563530798200 0.000146974535822
0.591669101325377 0.085713277922126 0.680360093763737 0.000180680983531
0.500000000000000 0.097138207986977 0.452790479566778 0.000000000000000
0.422695458276423 0.361942756616693 0.688782204803447 0.000151061527508
0.676438137558916 0.083268672777308 0.551864902258445 0.000103168731056
0.802083333333333 0.904781188730963 0.095218811269037 0.000283637336381
0.933420189978600 0.819450993613897 0.344100458398546 0.000095573660971
0.500000000000000 0.065400979416350 0.511028470551949 0.000000000000000
0.421255807290909 0.077493706767888 0.588577517839096 0.000059836157792
0.500000000000000 0.160419865643045 0.612931258514498 0.000000000000000
0.323165156106773 0.000000000000000 0.542782382919920 0.000000000000000
0.581742007789638 0.075179625056594 0.478590701118042 0.000162227616110
1.000000000000000 0.570225238602677 0.188226243895715 0.000000000000000
0.775633488979424 0.917074283863283 0.197916666666667 0.000036868797382
0.407488123763746 0.379239890614126 0.797934394749374 0.000058016300665
0.920675144829347 0.597821661474457 0.157152403793100 0.000090876581862
1.000000000000000 0.565547672039214 0.083001878341339 0.000000000000000
1.000000000000000 0.513266382271145 0.156307505928818 0.000000000000000
1.000000000000000 0.431547619047619 0.639880952380952 0.000000000000000
0.726410523323034 0.532132163191100 0.771374157489011 0.000270168280065
0.907101688749121 0.459635538093133 0.163743540273199 0.000112637975845
1.000000000000000 0.739367166697468 0.109091076083178 0.000000000000000
0.581228435666684 0.085201439721450 0.590647619461603 0.000102526923088
0.372551712291116 0.555728646403431 0.563222572941264 0.000102364354375
0.500000000000000 0.559608132885928 0.615859400388960 0.000000000000000
0.933553457152920 0.530052974121205 0.193132693119275 0.000099267270271
0.832160372600269 0.663934533499112 0.098032830395939 0.000066136360811
0.264042158014954 0.123027269595201 0.559939145974580 0.000313683084523
0.583886267314849 0.196128535397280 0.654932249773356 0.000106264705709
0.500000000000000 0.175244071502071 0.548475347751728 0.000000000000000
0.436020449080587 0.105258646593355 0.519543885914181 0.000069387265673
0.359457050369792 0.074509186962719 0.532480716214706 0.000119758307883
0.652120240145699 0.096847036250482 0.627796081788835 0.000065770975747
0.437191689250146 0.353827290458798 0.876084854811440 0.000025029209441
0.500000000000000 0.000000000000000 0.562500000000000 0.000000000000000
0.434147549100512 0.000000000000000 0.482004215492105 0.000000000000000
0.500000000000000 0.196151498105291 0.659553162693417 0.000000000000000
0.719412335625296 0.151751037271051 0.596455303479366 0.000265850999251
0.578125000000000 0.000000000000000 0.419417842741935 0.000000000000000
0.578125000000000 0.000000000000000 0.328503247612103 0.000000000000000
0.929097672143059 0.521433426668296 0.106835989858655 0.000328770555624
1.000000000000000 0.522999216890357 0.318182494182414 0.000000000000000
1.000000000000000 0.433671631568917 0.180075375859275 0.000000000000000
0.845671213180947 0.476818252493595 0.274468497906307 0.000149912978156
0.622240396011567 0.088883773739755 0.343261622233245 0.000214802327986
0.250000000000000 0.000000000000000 0.604786484670204 0.000000000000000
0.201210157010240 0.206772997794183 0.527168668845226 0.000417744070513
1.000000000000000 0.663713630229252 0.073908773634752 0.000000000000000
0.282548589635548 0.645632758030092 0.554994445286292 0.000086257576428
0.419270833333333 0.000000000000000 0.380208333333333 0.000000000000000
0.418046467878051 0.074042471147208 0.441583084314818 0.000072154660564
0.439190533294530 0.178153389734538 0.506056697498232 0.000041514057639
0.500000000000000 0.284851055795481 0.549981325871963 0.000000000000000
0.575592434912066 0.188650433870659 0.515799881919263 0.000083862642209
0.274884259259259 0.000000000000000 0.383680555555556 0.000000000000000
0.283625573457155 0.094525112286640 0.455979588918595 0.000295879906851
0.500000000000000 0.210191679707767 0.749964406980495 0.000000000000000
0.763020833333333 0.000000000000000 0.607421875000000 0.000000000000000
0.777737366888907 0.094300996541400 0.532885193045723 0.000210559049552
0.720016855022847 0.196913596716447 0.490688462264513 0.000148134473560
0.426678671876273 0.224915764701086 0.644422467640349 0.000112717186978
0.446267503134896 0.160603049741972 0.649794409370615 0.000102784557281
0.500000000000000 0.281165173718652 0.648109272980297 0.000000000000000
1.000000000000000 0.424543535609704 0.270002054406775 0.000000000000000
0.930811591916765 0.495326128053421 0.273008137031115 0.000060186097508
0.923311245614273 0.583239476630168 0.314688469321633 0.000005607266011
0.500000000000000 0.109091076083178 0.260632833302532 0.000000000000000
1.000000000000000 0.509213077490152 0.408802009698335 0.000000000000000
0.893458607204871 0.470359926749547 0.378776849311424 0.000005113315433
0.253368153627345 0.313877855939001 0.494365778151347 0.000277029273209
0.209748483625508 0.089965909844006 0.645612866297594 0.000423241876534
0.918181046195652 0.653900588768116 0.000000000000000 0.000000000000000
0.915606603048441 0.705822807981013 0.082291334116771 0.000206830346999
0.347009830321861 0.000000000000000 0.379128588507501 0.000000000000000
0.409538139725495 0.210446539635857 0.401245253663464 0.000199268592874
0.358788052095246 0.215688669750385 0.542188787601729 0.000169775146714
0.500000000000000 0.173949764142252 0.436600241561880 0.000000000000000
0.411237440013786 0.098040862861678 0.337133612939704 0.000172591646828
0.906419556535754 0.563435923883720 0.460344114803537 0.000046384958620
0.433312780114709 0.290128148034224 0.677573988208751 0.000141307772611
0.375804124338111 0.117739501742738 0.208323005107724 0.000013221110723
0.500000000000000 0.183825973724143 0.707763012380931 0.000000000000000
0.219556171055449 0.103928769836776 0.324823378291586 0.000058714384103
0.571307083207903 0.306940321505690 0.631674831913876 0.000118685102536
0.331336993764168 0.210009668685578 0.673500321456634 0.000224449678967
0.854635005806346 0.109142073683265 0.621111620027225 0.000115248486817
0.307276391152128 0.000000000000000 0.323243344797226 0.000000000000000
0.578784337438039 0.152655315153617 0.756573970355511 0.000052664026630
0.219556171055449 0.000000000000000 0.324823378291586 0.000000000000000
0.500000000000000 0.237770916982909 0.703397222199572 0.000000000000000
0.118519707091118 0.000000000000000 0.261760923260898 0.000000000000000
0.377790113317023 0.236888454162280 0.272405010119229 0.000081739342685
0.178732924446406 0.411548918923010 0.558060185269000 0.000303715170603
0.221190119618694 0.193114467049425 0.690338443440028 0.000220457248195
0.381110553918444 0.155581642724259 0.685103832473315 0.000203687619912
0.434036123055440 0.269127503180846 0.764764302789548 0.000071242576608
0.794031942474664 0.496078464186263 0.460145993316422 0.000151490001023
0.580579605231559 0.264805328564525 0.704920411993184 0.000144354430767
0.500000000000000 0.152655315153617 0.756573970355510 0.000000000000000
1.000000000000000 0.812500000000000 0.000000000000000 0.000000000000000
1.000000000000000 0.820529791327983 0.084442090181057 0.000000000000000
0.168502132985106 0.242678665054799 0.327034305431951 0.000098244136187
0.446510273199930 0.152160319907725 0.711490607346124 0.000081597203275
0.427267088590659 0.243348242737809 0.847055386077082 0.000016895041997
0.452453236998938 0.200912981995035 0.686451024297636 0.000064067755171
0.585873525543252 0.241611683834112 0.591549167897202 0.000121217876348
0.150119049283089 0.328400546007027 0.714109156070787 0.000179913938712
0.313986852348064 0.092723991466265 0.360539838223684 0.000257085059531
0.336805555555556 0.000000000000000 0.232638888888889 0.000000000000000
0.557100984574689 0.160276679252078 0.698499425406385 0.000083259224981
0.444316578911539 0.131264687011353 0.800240712229189 0.000242827879587
0.917708333333333 0.800520833333333 0.000000000000000 0.000000000000000
0.630924890893439 0.149089906894835 0.689912106611970 0.000122698038590
0.390897998816748 0.218604445808584 0.698532647304143 0.000142712318175
0.548369404678330 0.254439579569887 0.632936893227754 0.000100234207446
0.500000000000000 0.269127503180846 0.764764302789548 0.000000000000000
0.892724398627352 0.835382600801330 0.088660591955197 0.000089135321926
0.675779873913555 0.206753836997393 0.645366524434783 0.000169748165276
0.749048776439934 0.218550832472115 0.710846549476524 0.000122795974882
1.000000000000000 0.914640306903256 0.085359693096744 0.000000000000000
0.187814387852405 0.255465651348022 0.432132984230277 0.000216368840683
0.552108472980671 0.215088809814506 0.721414272231674 0.000080594232563
0.560341014073218 0.134435594686065 0.634457665151452 0.000094259751863
0.297580897816764 0.086938746713534 0.262210044639375 0.000188979347884
0.332306037440050 0.230246012618405 0.749096826446502 0.000119300541733
0.610100875753025 0.254094779859040 0.649308382654529 0.000184537279867
0.549286091029224 0.312819121488612 0.749498543889659 0.000097060506600
0.563387419350495 0.227296863157635 0.806594942812759 0.000063447163167
0.500000000000000 0.342565865303689 0.818532988270353 0.000000000000000
0.568233846872810 0.387851040954951 0.738537212147009 0.000060383854135
0.000000000000000 0.256571859513036 0.397099224305107 0.000000000000000
0.269585446287491 0.319914388301368 0.354164450497636 0.000437115339274
0.250000000000000 0.000000000000000 0.110119047619048 0.000000000000000
0.601662928555184 0.190644865232770 0.713124160475735 0.000125961433420
0.568845465185028 0.374774615005001 0.813572791652770 0.000114155093315
0.557007885986697 0.317249660798054 0.866544308774398 0.000091865970507
0.436526084515534 0.313076184770729 0.819182261581997 0.000071233754087
0.242346782896524 0.300827280034982 0.786024204552181 0.000168543231432
0.546843423309443 0.261367081023634 0.744071193684195 0.000126227589995
0.631027727833307 0.313880103446485 0.685575952858715 0.000232756225269
0.650686522285299 0.245204484377580 0.598896274230880 0.000191600025603
0.500000000000000 0.474697460897920 0.812699557063131 0.000000000000000
0.643398124424264 0.413947378868634 0.781132039760055 0.000175296574617
0.615928796678251 0.360127049233544 0.718444933595238 0.000195441384796
0.610439844443057 0.203574446100171 0.773406434428959 0.000113685385836
0.221661557900941 0.082679259588406 0.180059523809524 0.000029888384888
0.105171499564796 0.116457521873372 0.214971673794240 0.000187302081483
0.563851027857934 0.449454226858048 0.866154453156703 0.000064780225298
0.436078648876803 0.449454226858048 0.866154453156703 0.000103345503518
0.698929922859755 0.307581463888852 0.517761443558685 0.000191334850436
0.172361276780450 0.230266638625289 0.770120430534546 0.000247072058513
0.252733064923800 0.301676147623337 0.899015815081917 0.000276719780459
0.690864103821095 0.246156791247366 0.810215788196095 0.000197964244716
0.616408992274976 0.433894115916257 0.703580973058614 0.000157472490241
0.678064729443899 0.514335903733194 0.647402003502047 0.000180553386931
0.583298141891892 0.239653716216216 1.000000000000000 0.000000000000000
0.721650388325076 0.225587783459461 0.590263014790972 0.000204480180866
0.662946540413425 0.411861360926799 0.635162995432715 0.000184585864378
0.582903002145282 0.281090514180300 0.788010713486970 0.000157503331135
0.500000000000000 0.577491364417014 0.819426600471866 0.000000000000000
0.682304924612012 0.140842669778977 0.785973755629257 0.000111075393613
0.500000000000000 0.643009531409085 0.773843753427991 0.000000000000000
0.406806890902987 0.623041385249905 0.815020135827433 0.000086528683192
0.500000000000000 0.595140945573615 0.920340790607747 0.000000000000000
0.500000000000000 0.504754774994795 0.676792844052824 0.000000000000000
0.685819050821480 0.329856799184305 0.740703334271345 0.000245487821776
0.678041811052085 0.363643605502810 0.681533785197714 0.000273877014781
0.739884219939448 0.387704323352287 0.788435497174378 0.000294019884980
0.581770656590840 0.495881049644933 0.613647859699011 0.000089276282118
0.578125000000000 0.661820252009464 1.000000000000000 0.000000000000000
0.416256948130514 0.653781495171443 0.912388478343410 0.000010623003451
0.500000000000000 0.486625507979472 0.580144498838992 0.000000000000000
0.632951453086454 0.272014184592153 0.745216615216549 0.000188573107760
0.641785857046511 0.301969606340291 0.835605304247084 0.000092770303058
0.172256957128414 0.415729089776022 0.862517077623700 0.000017286361915
0.000000000000000 0.207277266321559 0.747049993594286 0.000000000000000
0.609698379104528 0.627519752147206 0.891699222807698 0.000078310035085
0.669529850773748 0.239169592847420 0.526572723144853 0.000163371161945
0.666071044782131 0.289429154232933 0.922279868845014 0.000077814548106
0.500000000000000 0.432778079334753 0.529970239489098 0.000000000000000
0.401522278341845 0.543179890651475 0.877760720545653 0.000040470254799
0.577508672175320 0.398002024678529 0.514483659728271 0.000184154450235
0.715871710526316 0.387335526315789 1.000000000000000 0.000000000000000
0.405091164466776 0.459614159575301 0.555151418782881 0.000141675412866
0.500000000000000 0.166908164547976 0.935405933639748 0.000000000000000
0.760479401618059 0.457266318547273 0.578975430145578 0.000237654272755
0.757080194293929 0.243210066741518 0.894730904708439 0.000239207373490
0.784429782903300 0.320463146704582 0.591710881920970 0.000271255047347
0.822889279558721 0.339368474590125 0.890974258860435 0.000326714371193
0.840532160527389 0.369055602914528 0.777366426929151 0.000320860734211
0.578491738258108 0.570231790599892 0.779216380552940 0.000078801754094
0.830325948427257 0.481378715338320 0.719826709008632 0.000136429945481
1.000000000000000 0.397099224305107 0.743428140486964 0.000000000000000
0.668430190058480 0.000000000000000 0.772596856725146 0.000000000000000
0.595703125000000 0.540527343750000 1.000000000000000 0.000000000000000
0.346744582070304 0.746968225970630 0.903798748737015 0.000097894266510
0.921875000000000 0.437500000000000 1.000000000000000 0.000000000000000
0.767205201616727 0.368488281941747 0.666517166034244 0.000261702990924
1.000000000000000 0.302851797949616 0.588086866553329 0.000000000000000
0.693817420706067 0.266470859564810 0.704589131023865 0.000237340273268
0.610555337617178 0.538330862569413 0.508159602817096 0.000111779114786
0.729172033878532 0.000000000000000 0.833338700545199 0.000000000000000
0.762979033875650 0.284561557573219 0.663040135356246 0.000254150395887
0.727167061341998 0.442311329771406 0.893270174736064 0.000250731108338
0.576144932417787 0.448887915051182 0.430022814481610 0.000181496723531
0.500000000000000 0.721423616935033 0.911036608590518 0.000000000000000
0.899890536778263 0.234138812994620 0.580568553769673 0.000193133099552
0.434523809523809 0.187500000000000 1.000000000000000 0.000000000000000
0.587805706521739 0.087805706521739 1.000000000000000 0.000000000000000
0.851050257544887 0.282187311874630 0.640405578478892 0.000255512099471
0.778525133947937 0.073404051326690 0.801400994809301 0.000116194597724
0.894072973189958 0.109433319537960 0.817538091814823 0.000083971611375
0.000000000000000 0.265742542190953 0.824949060683270 0.000000000000000
0.093156033012438 0.233159027390426 0.692134899539758 0.000137304766201
0.590616126193689 0.450843648645231 0.312625699311300 0.000155953737088
0.500000000000000 0.387678051079296 0.578416145945294 0.000000000000000
0.425775618243010 0.402187485760216 0.488564673172872 0.000167173676411
0.407380189891393 0.496942767623987 0.462399586666381 0.000143924642680
0.374629465858409 0.362378677796942 0.401944102118964 0.000239608754962
0.294755286918981 0.526202485513116 0.429332123328457 0.000236068312410
0.422831516526213 0.349914035922993 0.559310322390775 0.000102249132309
0.691806529631968 0.086210417930887 1.000000000000000 0.000000000000000
0.500000000000000 0.534488222847081 0.342233462219079 0.000000000000000
0.706751497355438 0.000000000000000 0.920772739984211 0.000000000000000
0.758805452413961 0.154638785747294 1.000000000000000 0.000000000000000
0.318807897920705 0.350862934484165 0.566653230504104 0.000177829105665
0.799515888137166 0.074750556092500 1.000000000000000 0.000000000000000
0.000000000000000 0.312500000000000 0.928294555858516 0.000000000000000
0.667796508185852 0.604834628584329 0.804078375545035 0.000192611821071
0.728481763921137 0.337000534502817 0.699432632969249 0.000303519945378
1.000000000000000 0.467117238541685 0.889880952380952 0.000000000000000
0.903906250000000 0.540039062500000 1.000000000000000 0.000000000000000
0.419270833333333 0.080729166666667 1.000000000000000 0.000000000000000
0.566338243676181 0.480072625829375 0.537862740457599 0.000169121708741
0.000000000000000 0.437500000000000 0.916715816046055 0.000000000000000
0.125000000000000 0.496093750000000 1.000000000000000 0.000000000000000
0.910298624478587 0.347566921644424 0.592639070731379 0.000204057381087
0.843318188090907 0.281514919833687 0.565492439868217 0.000252471799637
1.000000000000000 0.238224202237415 0.642718757209394 0.000000000000000
0.906519564401719 0.275450862366440 0.497395709733843 0.000223637516488
0.575976910064339 0.128849684114022 0.925931248628738 0.000051242558270
1.000000000000000 0.192158390672607 0.732932195869952 0.000000000000000
0.673776030118028 0.132776101889028 0.915127482902432 0.000084357337048
1.000000000000000 0.094037793200058 0.718482910043452 0.000000000000000
0.345380328229392 0.275758107582219 0.385002778006180 0.000240774876225
0.612150442232397 0.579955962758985 0.285402100249412 0.000125080812111
0.500000000000000 0.545967727914913 0.427395797003120 0.000000000000000
0.118612421383648 0.261890723270440 1.000000000000000 0.000000000000000
0.783327053848808 0.000000000000000 0.893817210887203 0.000000000000000
0.857541540947707 0.086688571730544 0.913311428269456 0.000022864240910
0.367900358820421 0.372270399982442 0.518796979729829 0.000189008881888
0.093090157189031 0.353770482323166 0.897403300025490 0.000166796293758
0.000000000000000 0.219837647924222 0.910618957301849 0.000000000000000
0.316723709348408 0.351207879551689 0.458594015772243 0.000309204997037
0.729066254224579 0.628456056671711 0.904596836947965 0.000239165398148
0.356003682104592 0.082566182104592 0.917433817895408 0.000101096086095
0.000000000000000 0.097115124458874 0.902884875541126 0.000000000000000
0.000000000000000 0.545167108919152 0.901011253704026 0.000000000000000
0.580729166666667 0.000000000000000 0.919270833333333 0.000000000000000
1.000000000000000 0.257855127162528 0.396485703462526 0.000000000000000
0.564565900665478 0.203430770099231 0.920647504574822 0.000046670920325
0.099041008083168 0.177044657041993 0.882138487625402 0.000119547873047
0.587508127820940 0.589010394062267 0.428089409546244 0.000128551483393
0.500000000000000 0.630380179432700 0.532680718003197 0.000000000000000
0.398932863665797 0.587378653284177 0.392340181824738 0.000194062535525
0.881387578616352 0.261890723270440 1.000000000000000 0.000000000000000
0.244876672129122 0.408907119972967 0.485026682719926 0.000403938351900
0.749010740138527 0.081004753705573 0.918577154534266 0.000080545975723
0.285742572345410 0.425940888093484 0.382641616532422 0.000358870140601
0.000000000000000 0.075196593573724 0.809520863054244 0.000000000000000
0.605264143741962 0.258016042009064 0.936277762096835 0.000012330159918
0.297018963386919 0.624489804594031 0.323708056952970 0.000348835331213
0.500000000000000 0.603896998401105 0.256738913393602 0.000000000000000
0.610002968858528 0.650256252829042 0.519769972920167 0.000056679507682
0.711734000424266 0.606162262012665 0.454474597947001 0.000076526312125
0.904432417903412 0.197574729693497 0.899976485686663 0.000078084531321
0.272744775935618 0.465883593274549 0.574721325417942 0.000325392837844
0.172594975831251 0.442489492856950 0.289374994580443 0.000125534565612
0.118612421383648 0.000000000000000 0.738109276729560 0.000000000000000
0.669084821428571 0.244419642857143 1.000000000000000 0.000000000000000
0.646317776939988 0.197843974907017 0.933227220366431 0.000022362505620
0.500000000000000 0.623872336424318 0.171945033459831 0.000000000000000
0.264805531380512 0.546136452160902 0.672879021084846 0.000105419852516
0.417588898503715 0.564517318515396 0.202712248707150 0.000106365095038
0.608164049883396 0.621175344072758 0.113248235820503 0.000089624413474
0.584105257148444 0.671588782577541 0.227935633802302 0.000055885500567
0.215511069571511 0.502056526394435 0.364614636941578 0.000403718258228
0.254816029770257 0.524533258510460 0.250961773527156 0.000326610650722
0.405215179765582 0.633342807518826 0.101170051382559 0.000198166148498
0.403396001481281 0.682710583840304 0.209703340811703 0.000059553150315
0.500000000000000 0.822695231007181 0.282922503734454 0.000000000000000
0.128545215764344 0.485393914727401 0.677674727693611 0.000073064878503
0.500000000000000 0.904891558124930 0.231692032267146 0.000000000000000
0.613386717651763 0.803555413513952 0.342900389974000 0.000015151341541
0.392390335337521 0.888329437523812 0.176665949279786 0.000103218966304
0.500000000000000 0.909422204668240 0.330516053587442 0.000000000000000
0.602473521151776 0.892170504743858 0.172196943634778 0.000096584985536
0.597427639566217 0.898551996205258 0.281498539051078 0.000087626872558
0.593189647559701 0.902600606559619 0.396744837643098 0.000087756691549
0.500000000000000 0.922366027846347 0.418618764727642 0.000000000000000
0.250000000000000 1.000000000000000 0.145833333333333 0.000000000000000
0.262734465578679 0.879745784135508 0.197916666666667 0.000239747372694
0.411080520272744 0.886467487136585 0.378890693641490 0.000021254291731
0.500000000000000 0.861389376312400 0.478322250986183 0.000000000000000
0.223651960784314 0.908700980392157 0.000000000000000 0.000000000000000
0.127103287843738 0.865472438306375 0.173325227030247 0.000429781525452
0.348684210526316 1.000000000000000 0.380208333333333 0.000000000000000
0.244876030122194 0.830686984938903 0.085829947603478 0.000042218097467
0.317932364898088 0.914695567960489 0.329288032759595 0.000126163077582
0.197916666666667 0.920449341229757 0.141319598662708 0.000323142816884
0.500000000000000 0.927343460540223 0.510589353565734 0.000000000000000
0.500000000000000 0.811403098490561 0.529909531894363 0.000000000000000
0.424099343963723 1.000000000000000 0.370551312072554 0.000000000000000
0.000000000000000 0.883426569934047 0.250252147430502 0.000000000000000
0.500000000000000 0.776483592010619 0.583642258463662 0.000000000000000
0.585970542282153 0.775418267674677 0.526564180065616 0.000031433271142
0.500000000000000 0.685962391679461 0.606814817076978 0.000000000000000
0.500000000000000 0.736106803143093 0.426954094292804 0.000000000000000
0.407890981735160 1.000000000000000 0.545019977168950 0.000000000000000
0.592109018264840 1.000000000000000 0.545019977168950 0.000000000000000
0.424060901563769 0.908538962557270 0.465487066485961 0.000045752449166
0.565852450899488 1.000000000000000 0.482004215492105 0.000000000000000
0.600642104199873 0.905519336404326 0.504486525656482 0.000196253929150
0.301917330677291 1.000000000000000 0.448559926958831 0.000000000000000
0.500000000000000 0.798514424318701 0.453208062734648 0.000000000000000
0.557030066637913 0.730109802762460 0.577112971320579 0.000128761125816
0.413487601968137 0.783185325250748 0.402345717286434 0.000041571429771
0.425040863370547 0.915970419005874 0.551139570693180 0.000034478974157
0.438756796672461 0.755081190387587 0.469151320633352 0.000120914487862
0.582940738689918 0.818480405086969 0.425831503132547 0.000018109989347
0.376436501273994 0.741357297642742 0.533212008842999 0.000201162779883
0.563552443475131 1.000000000000000 0.409654144518822 0.000000000000000
0.273710118201123 0.739856334243333 0.507404812201530 0.000079035791292
0.433426334923345 0.684013926988544 0.423563528226218 0.000137009354592
0.500000000000000 0.635035696423853 0.337231823525936 0.000000000000000
0.398873638991652 0.674780284604128 0.319429203927529 0.000183209836052
0.134672619047619 1.000000000000000 0.261160714285714 0.000000000000000
0.080729166666667 0.919270833333333 0.000000000000000 0.000000000000000
0.000000000000000 0.899171492921493 0.100828507078507 0.000000000000000
0.341325858058570 0.657855500599976 0.260591446204113 0.000228668804277
0.500000000000000 0.927726618035588 0.613646885826838 0.000000000000000
0.401889173100452 0.645520029714946 0.511932454618886 0.000015430248817
0.438790336713770 0.732683899864217 0.575300015519463 0.000107713682407
0.327783415382360 1.000000000000000 0.526585540167344 0.000000000000000
0.572941528609313 0.803398561944746 0.612576027112141 0.000068331963510
0.279394811144114 0.886280439704152 0.541078590658088 0.000005083764433
0.572319943672616 0.695392410356406 0.657280067841114 0.000049987695813
0.213892790262172 1.000000000000000 0.429424157303371 0.000000000000000
0.183981833589171 0.916725414256354 0.403366076628875 0.000127925390243
0.101249726234464 0.813568159240958 0.288284949609635 0.000174868909637
0.267944280343249 0.731217777540836 0.216066196610607 0.000220924627998
0.560474011629350 1.000000000000000 0.339698023258700 0.000000000000000
0.500000000000000 0.833588089509550 0.608812196587858 0.000000000000000
0.228181759810557 0.847237140624812 0.462654946689030 0.000123099863031
0.594944420800271 0.887577830569192 0.657588513671463 0.000022748385663
0.574774685528838 0.776791114539273 0.701146424853270 0.000039788908016
0.568376420753223 0.685389452895622 0.382297751013897 0.000107400714759
0.436838832838585 0.833145160272063 0.566366535304079 0.000033420329624
0.578125000000000 1.000000000000000 0.687500000000000 0.000000000000000
0.437379574423445 0.839537668049998 0.667109536580925 0.000087630269907
0.222398229272675 0.679120331090062 0.105725475611670 0.000331215555243
0.287314232134887 0.722347409202255 0.312697675076604 0.000244441463968
0.078125000000000 1.000000000000000 0.330843448490507 0.000000000000000
0.162427708896039 0.801022087639321 0.543172045232950 0.000195152931503
0.393045845680830 0.585624155941817 0.290778999686096 0.000244539563502
0.250000000000000 1.000000000000000 0.597656250000000 0.000000000000000
0.094703423404751 0.887828595949917 0.359938140343553 0.000146214756217
0.121374284716743 1.000000000000000 0.508438394104071 0.000000000000000
0.421875000000000 1.000000000000000 0.621943979405211 0.000000000000000
0.338735187090905 0.931220807072011 0.479654735892019 0.000040602041710
0.184681685945486 1.000000000000000 0.488893111460570 0.000000000000000
0.333451250208964 0.757089622068932 0.378443277084816 0.000164593246637
0.357516070097741 0.792921054176736 0.710234278934315 0.000083758333823
0.572707876754079 0.908046481215242 0.581451368067062 0.000044924559822
0.424914864591735 0.921118934043307 0.650941032999190 0.000046848476482
0.216694146413307 0.922680487289759 0.498249702652777 0.000033910089676
0.669027917417160 0.711062557661940 0.691754687990408 0.000159570475325
0.260947665331185 0.933398151173393 0.424996059768417 0.000075810101326
0.591299019607843 1.000000000000000 0.223651960784314 0.000000000000000
0.500000000000000 0.825799086312554 0.714325423573693 0.000000000000000
0.078125000000000 1.000000000000000 0.425857888824702 0.000000000000000
0.137236095511436 1.000000000000000 0.447515635221502 0.000000000000000
0.188485935403066 0.889410963266450 0.594049214373622 0.000136949888234
0.406364586534955 0.894652057662472 0.750404089260078 0.000041229813047
0.000000000000000 0.916715816046055 0.437500000000000 0.000000000000000
0.148155887455865 0.938297313718184 0.482884970245685 0.000063137430554
0.432355556517978 0.817017983103195 0.760770761832728 0.000012820739664
0.406474509454528 1.000000000000000 0.719199018909057 0.000000000000000
0.171059673083467 1.000000000000000 0.557070602289532 0.000000000000000
0.564789612546958 0.843926961608904 0.545189129299969 0.000025115231027
0.119604636385580 0.946637124596135 0.404142012030520 0.000204982244882
0.000000000000000 0.901011253704026 0.545167108919152 0.000000000000000
0.141570079098688 0.876441596565786 0.531719416460577 0.000211939509375
0.500000000000000 1.000000000000000 0.687500000000000 0.000000000000000
0.000000000000000 0.938199135998406 0.495612510041347 0.000000000000000
0.000000000000000 0.854956716581798 0.483470586863944 0.000000000000000
0.000000000000000 0.824993817931478 0.563904824093362 0.000000000000000
0.080683431660448 0.815059291282193 0.511434179125411 0.000192661273642
0.277465363393524 0.900019995390057 0.641542567097278 0.000108739203683
0.072908979784421 0.872055246915042 0.591262102964604 0.000145561422100
0.071986930604375 0.932135227039365 0.464860989629856 0.000122044315928
0.078125000000000 1.000000000000000 0.584877041412337 0.000000000000000
0.500000000000000 0.930772920710787 0.740872970752662 0.000000000000000
0.560584135907130 0.877520051026872 0.730627912726016 0.000068825269366
0.128287778945990 0.939189028065346 0.583324728424107 0.000155460654354
0.000000000000000 0.760625882225097 0.622821447321296 0.000000000000000
0.000000000000000 0.802795504222701 0.425482325083301 0.000000000000000
0.000000000000000 0.764170101168050 0.352499635502396 0.000000000000000
0.000000000000000 0.707335801993957 0.429291065290875 0.000000000000000
0.107098367096727 0.708467112287681 0.347585811342463 0.000142769792409
0.000000000000000 0.790467131632788 0.248074964814920 0.000000000000000
0.059326764487886 1.000000000000000 0.523786295831540 0.000000000000000
0.588394261006289 1.000000000000000 0.780414701257862 0.000000000000000
0.500000000000000 1.000000000000000 0.812500000000000 0.000000000000000
0.661684478399306 1.000000000000000 0.725289559401909 0.000000000000000
0.614817070712379 0.903767548040636 0.819079406966087 0.000039250850293
0.500000000000000 0.906780685243194 0.889142987460287 0.000000000000000
0.092785106354950 0.726729422108101 0.593246358678577 0.000164565024419
0.075575878263066 0.803035070981557 0.378643125924598 0.000171348009757
0.437500000000000 1.000000000000000 0.781624632620402 0.000000000000000
0.000000000000000 1.000000000000000 0.687500000000000 0.000000000000000
0.000000000000000 0.860314091018964 0.426197574477006 0.000000000000000
0.079018131713033 1.000000000000000 0.666606019583032 0.000000000000000
0.571262005725608 1.000000000000000 0.853000706745924 0.000000000000000
0.698910372781214 0.912823922924976 0.762419384426459 0.000010850880635
0.000000000000000 0.806912506182089 0.732860221090638 0.000000000000000
0.410541122155015 0.859890588456954 0.913041104585237 0.000080394074697
0.075005573657760 0.795453466404633 0.672925971062233 0.000178567730404
0.000000000000000 1.000000000000000 0.562500000000000 0.000000000000000
0.061699935776525 0.936060697925626 0.556493622861232 0.000202831868112
0.426072246914693 0.926857292800090 0.837187844759360 0.000027921212440
0.312500000000000 1.000000000000000 0.906250000000000 0.000000000000000
0.322529020465661 0.915839937874794 0.845227680310440 0.000085633095058
0.562500000000000 1.000000000000000 1.000000000000000 0.000000000000000
0.062222512013774 0.796859279776946 0.597787242457004 0.000035838981719
0.170707907645445 0.750278150884934 0.685233349056857 0.000017068323531
0.590000944450454 0.859882921520005 0.912324372585095 0.000055892756918
0.163145333944559 0.827891891245323 0.369546377591931 0.000221245665473
0.593750000000000 1.000000000000000 0.928101900574625 0.000000000000000
0.593750000000000 0.921130952380952 1.000000000000000 0.000000000000000
0.056961800809794 0.892038712928768 0.414264410493433 0.000152936870411
0.054098078113848 0.831224973087998 0.452363622762357 0.000097151267584
0.080163312592012 0.744822550544707 0.447618140138116 0.000066289645175
0.000000000000000 0.905427334867218 0.719224967626955 0.000000000000000
0.000000000000000 0.922073357341901 0.620338130299814 0.000000000000000
0.652675352741834 1.000000000000000 0.789594842214300 0.000000000000000
0.750000000000000 1.000000000000000 0.854166666666667 0.000000000000000
0.209103424564986 0.655500869475514 0.749065504203918 0.000116382419511
0.697916666666667 1.000000000000000 0.927083333333333 0.000000000000000
0.066082644383580 1.000000000000000 0.811650964529654 0.000000000000000
0.087947646161778 0.646112295252412 0.430949262036146 0.000213412251686
0.000000000000000 0.902884875541126 0.902884875541126 0.000000000000000
0.500000000000000 0.937500000000000 1.000000000000000 0.000000000000000
0.097105878470021 0.895399061809666 0.778278938905612 0.000014030090579
0.000000000000000 0.923008370322160 0.811315899158360 0.000000000000000
0.201269803086092 0.793560003091587 0.281093538224939 0.000345567331318
0.413194444444444 0.920138888888889 1.000000000000000 0.000000000000000
0.000000000000000 0.927010174896100 0.326365724845918 0.000000000000000
0.057423857519750 1.000000000000000 0.725277776557403 0.000000000000000
0.628475083971946 0.938357219058085 0.753420673749386 0.000041390332426
0.676193702197411 0.941434498710973 0.824735244301770 0.000054352360039
0.634959913615473 0.928602060724954 0.896379909886297 0.000025617295040
0.104824780302462 0.846741497919260 0.887582771561259 0.000154957570638
0.500000000000000 1.000000000000000 0.937500000000000 0.000000000000000
0.723651960784314 0.908700980392157 1.000000000000000 0.000000000000000
0.681618382351894 0.851535511866229 0.915238946400867 0.000047593615677
0.542847694633409 0.906250000000000 1.000000000000000 0.000000000000000
0.500000000000000 0.906250000000000 0.948974827587002 0.000000000000000
0.093559711098178 0.930314432763482 0.705267870559035 0.000027627199227
0.754788100014923 0.929447209728256 0.817023355278503 0.000111813505152
0.565476190476190 0.812500000000000 1.000000000000000 0.000000000000000
0.548726778568778 1.000000000000000 0.951273221431222 0.000000000000000
0.728073942678300 0.759321778578623 0.888286562947130 0.000221101995132
0.437500000000000 1.000000000000000 1.000000000000000 0.000000000000000
0.408482142857143 1.000000000000000 0.908482142857143 0.000000000000000
0.183923438931104 0.926631607273827 0.744057950053251 0.000083021575399
0.435352545254069 0.930601972998778 0.919272546603980 0.000052056186710
0.550831498506106 1.000000000000000 0.900035787678495 0.000000000000000
0.562491259233807 0.933556114791497 0.940001613119162 0.000004019070028
0.555905936594175 0.939136934511332 0.874285244386501 0.000056593958997
0.500000000000000 0.812500000000000 1.000000000000000 0.000000000000000
0.500000000000000 0.843750000000000 0.945779157050269 0.000000000000000
0.734377868234902 0.922287143225852 0.903403810370557 0.000225491463848
0.582199220238930 0.866142375162862 1.000000000000000 0.000000000000000
0.412202380952381 0.781250000000000 1.000000000000000 0.000000000000000
0.500000000000000 0.776548698701638 0.942400879250828 0.000000000000000
0.312500000000000 0.934523809523810 1.000000000000000 0.000000000000000
0.221506160830091 0.910233694645173 1.000000000000000 0.000000000000000
0.500000000000000 0.859220495142759 0.850398445004581 0.000000000000000
0.582023935805711 0.752230788897655 0.921016058993383 0.000120848971031
0.438226660317520 0.860519325546126 0.816132660307263 0.000020298518616
0.432149973567565 0.850555504723950 1.000000000000000 0.000000000000000
0.500000000000000 0.753909994408766 0.843677293919786 0.000000000000000
0.424980173348081 0.777562904713168 0.904605509583526 0.000089878922520
0.405996154854105 0.712450317700210 0.840866802798331 0.000084451892789
0.438619754832626 0.716510490334748 1.000000000000000 0.000000000000000
0.351053018373863 0.919653241470974 0.925454494352073 0.000048249467529
0.564824963544646 0.821127638623728 0.852960222193065 0.000005845978559
0.449577891410642 0.883324980473613 0.869372516578084 0.000021978693612
0.584316523418689 0.777837221895998 0.784173361733618 0.000069543248378
0.385954292828129 0.878845227808798 0.855663642221026 0.000067288297946
0.576399782917893 0.720257898187986 0.844102636948801 0.000176455426077
0.344443997024827 0.824058295191998 0.892439787081128 0.000027722240243
0.269754628511164 0.786756056858464 0.921913946441852 0.000270871098378
0.296939411224796 0.788055655441895 0.827731640402170 0.000089877263006
0.226218550982889 0.752363632723202 0.767674136996799 0.000150872663419
0.153660421010253 0.757827087676920 1.000000000000000 0.000000000000000
0.177419313974747 0.778625418662616 0.885555176872385 0.000002402524773
0.000000000000000 0.687500000000000 0.928294555858516 0.000000000000000
0.085398916916051 0.582751885342837 1.000000000000000 0.000000000000000
0.092758302556582 0.634839486511874 0.904110318919058 0.000090237813359
0.185098755411255 0.574886701839827 1.000000000000000 0.000000000000000
0.293177787069274 0.703882119523557 0.693399167403552 0.000127416015154
0.098507721659503 0.536364824052172 0.913434138583804 0.000169514280627
